Traffic Loading Report
----------------------

Traffic source: Traffic from traffic database                     

Circuit-switched blocking probability:   1.00%

Circuit-switched average call duration:   1.76 minutes

Percent of total traffic carried by group: 100.00 %

          Circuit Traffic  Circuit Traffic   Number of    Channel  Current Blocking Packet Traffic
Sector ID   (mErlangs)    Required Channels Channels Set Shortfall Probability (%)  (average mbps)
--------- --------------- ----------------- ------------ --------- ---------------- --------------
ABAA0002     12251.09             22             24          -2          0.21         12.2511
ABAA0003      6686.23             14             16          -2          0.16          6.6862
ABAA0004     58861.30             79             80          -1          0.00         58.8613
ABAB0001      3638.48             10             16          -6          0.00          3.6385
ABAB0002      9302.23             18             24          -6          0.00          9.3022
ABAB0003       392.95              3              8          -5          0.00          0.3929
ABAC0001      2504.88              8              8           0          0.46          2.5049
ABAC0002         0.00              1              8          -7          0.00          0.0000
ABAC0003      3158.76              9             16          -7          0.00          3.1588
ABAD0001      8396.07             17             24          -7          0.00          8.3961
ABAD0003     19525.74             32             32           0          0.64         19.5257
ABAE0001     23958.74             37             40          -3          0.00         23.9587
ABAF0002      3881.51             10             16          -6          0.00          3.8815
ABAG0003       671.91              4              8          -4          0.00          0.6719
ABAH0001      4865.19             12             16          -4          0.01          4.8652
ABAI0002     14119.61             25             32          -7          0.00         14.1196
ABAI0003      5177.60             12             16          -4          0.01          5.1776
ABAJ0002      6506.48             14             16          -2          0.12          6.5065
ABAK0002      7373.17             15             16          -1          0.42          7.3732
ABAL0001      4175.39             11             16          -5          0.00          4.1754
ABAM0001     10436.31             20             24          -4          0.02         10.4363
ABAM0002     11969.57             22             24          -2          0.15         11.9696
ABAM0003      6944.76             15             16          -1          0.24          6.9448
ABAN0001      5663.81             13             16          -3          0.03          5.6638
ABAO0001     16785.96             28             32          -4          0.06         16.7860
ABAP0001       881.84              5              8          -3          0.00          0.8818
ABAQ0001      8333.37             17             24          -7          0.00          8.3334
ABAR0001      8783.29             17             24          -7          0.00          8.7833
ABAS0001      4208.76             11             16          -5          0.00          4.2088
ABAT0001      2666.66              8              8           0          0.66          2.6667
ABAV0002      5303.50             12             16          -4          0.01          5.3035
ABAV0003      1460.78              6              8          -2          0.01          1.4608
ABAV0004      1460.82              6              8          -2          0.01          1.4608
ABAX0001      2054.87              7              8          -1          0.14          2.0549
ABAX0003     19234.80             31             32          -1          0.52         19.2348
ABAZ0003     10802.18             20             24          -4          0.04         10.8022
